10
12
22
26
42
46
50
56
65
66
72
74
78
88
92
93
96
100
106
109
113
119
124
129
159
168
190
195
204
208
209
211
218
221
223
241
258
270
273
275
281
289
290
291
292
294
298
301
306
316
323
328
330
334
339
345
349
350
351
356
358
361
369
381
386
388
389
397
398
399
401
403
406
408
418
422
423
431
438
441
447
452
458
459
462
469
470
475
476
478
480
481
484
485
490
492
493
500
503
511
516
526
530
532
537
544
553
559
562
564
565
570
571
576
578
585
597
598
605
611
612
616
620
627
634
637
641
642
643
653
658
668
671
672
674
682
690
693
701
711
712
714
715
737
739
742
743
744
745
747
749
759
